  0.427632838509144     
  0.370027336592521     
  0.481661295913110     
  0.720362265310399     
  -3.67118636935762     
  -3.54200312050707     
  -3.49955181264577     
  -2.94316676367830     
  -2.65844321926467     
  -2.53288360251583     
  -2.29396759123110     
  -3.74362923253773     
  -2.87556856846611     
  -2.59796107815671     
  -2.21371329447577     
  -3.83939528999011     
  -2.97496339104739     
   1.16205793387901     
   1.96594226728422     
   2.55663231348167     
   2.76928564561944     
   3.52728659257015     
   3.93610573359398     
   3.65439767857112     
   4.92055476300525     
   2.98042012668141     
   6.18305452869248     
   6.61131708008701     
   6.61325250760854     
   7.37181252488216     
   7.11982379226654     
   6.78692617107693     
   6.92150970310605     
   7.15449042992734     
   7.04874764408205     
   6.68380612261659     
   6.02880444151101     
   4.84967321977253     
   5.47052160928871     
  -2.59583910505633     
   4.83753958651410     
   4.55515266499367     
   4.36555695322977     
  -2.43025713160372     
  -2.50492771059351     
  -2.08898628522208     
  -1.80219016753106     
  -1.49296786745364     
  -2.49752530264579     
   3.82815951170730     
  -2.68232211043277     
  -1.32315555199971     
   3.71793918835521     
   4.20120291746132     
   4.53954930365822     
   4.81913075014414     
   2.90771953393911     
   3.39640660008729     
   3.52292088125482     
   6.05755995568107     
   1.90360420592824     
   1.71671971123761     
 -0.731579620650482     
   4.36115077721498     
   1.10005569602951     
   3.43659858035191     
   3.52668876633661     
   1.16707360853698     
   3.47099128179826     
   3.55907239912810     
   3.23066023879361     
  -1.44578825830468     
   3.87041376862006     
   3.41886256918592     
   3.20680641501133     
  0.649254086504062     
  0.710918583161988     
   1.53232173313566     
   2.40324467930499     
   3.40005574282939     
   4.30672115531230     
  0.420968323021157     
   4.12727794163943     
   6.28917985917623     
   6.38238993710568     
   5.64876414349692     
   4.98111272389578     
  -1.91492720950975     
   2.13083553797127     
   2.33946822555089     
   1.23802227355833     
   1.66295972385862     
   4.00685334172450     
   3.44715366259225     
  -2.88781422005385     
 -0.172995249686529     
   4.62042006184519     
   3.52929500661299     
   4.13920121809321     
   4.13063613380105     
   4.10193556694500     
   4.54676915422091     
 -0.548006908918513     
 -0.229951305054080     
  0.784142849528987     
   3.60021622244627     
   4.25277627641871     
   2.11420192328612     
  -2.13864641237965     
   6.01372297509660     
  -2.30727509087217     
  0.118365065165278     
  -4.77577250082693     
  -2.72685502650248     
  -1.57051848079448     
 -0.430344377626930     
  0.683797343357107     
   2.66987580265784     
   2.92402950002768     
   5.00375749654922     
   4.65909672059817     
   5.02698734197568     
   5.19040778107791     
   4.94192955900164     
   5.44107263863991     
   5.43844470629580     
   4.52185897087168     
   3.20641942924444     
   1.59633795193478     
   4.48081910606892     
   4.14493595824629     
   4.10381784809385     
   3.60485453926152     
   3.38330256535401     
   3.38684405028025     
   3.96986481129367     
   5.12848736990722     
   4.63120175094259     
   4.04366876118401     
   4.21479017751700     
   4.96238881975012     
   5.69473357625585     
   5.56388582134119     
   6.22422926541424     
   5.29403940534208     
   5.59509728651103     
   5.20090775742683     
   6.39847607297744     
   5.81993369634965     
   5.11891563867010     
   4.34966377998594     
   4.20306884069585     
   3.76280892633967     
   4.35325943008707     
   5.17831712265949     
   5.34364791572965     
   4.67382517613623     
   3.93428825301748     
   3.71764442592768     
   3.73175317695619     
   3.93804967351934     
   4.65039845389919     
   4.39531908398942     
   3.68953630078089     
   3.70120435039292     
   3.98389339425861     
   3.35983860119185     
   2.73480269459557     
   2.66968129245427     
   2.41601923407095     
   2.46692773903065     
   2.28330582649254     
   1.89140404988590     
   1.44037369285259     
   1.27534208698179     
   1.00367358383516     
  0.811828464158079     
   1.05131792299069     
   1.17644904916965     
   1.04872932535262     
  0.790480602785372     
   1.36094556715621     
   1.64663846661102     
   1.81711101489886     
   1.67776364307407     
   1.80279312602398     
   1.45453339790818     
   1.42163671089394     
   1.59939407286061     
   2.05926663648184     
   1.93875160999561     
   2.12174657274332     
   1.58639359061281     
  0.966423336417527     
  -13.6820259186169     
  0.847669057148138     
  0.912318864774601     
  0.472957949390921     
  0.332954333261327     
  0.313748779573974     
  0.303100949353201     
  -9.47344001376492     
  -9.39906046015319     
 -0.381255884954385     
  -8.43268431624659     
  0.524963498207292     
  -7.45375943806951     
  -7.13418005905252     
  0.938254004881120     
  0.747169467102278     
  0.728225418829691     
  0.745230611568719     
  -3.58799032393250     
  -3.12768373085852     
  -2.96054673253924     
  0.945116693016050     
  -6.39274913817875     
  -6.43426118813522     
  -6.76502677211193     
  0.479276459270416     
  0.433090825861498     
  0.658555047761404     
  0.653065327707544     
  0.458126901721624     
  0.483984554124028     
  -7.23846764459460     
  -7.20956700221074     
  0.216335174611018     
  0.298787030330953     
  0.107791044357441     
  0.345389720858279     
  0.454382312594639     
  0.594696940385113     
  0.478988944635521     
  0.502444883191231     
  0.495675433669653     
  0.356890125525521     
  0.376122976055427     
  0.343537818871319     
  0.229039372686291     
  0.252111088308656     
  0.260870827275564     
  0.267622615315027     
  0.903726412811494     
  0.760084821390681     
  0.597633331197571     
  0.673918231490681     
  0.450043960701738     
  0.428396544040393     
  0.413761399221730     
  0.448113251891630     
  0.743308749602466     
  0.806054007215216     
   1.07632019296890     
   1.04542813232814     
   1.45460680426913     
   1.40903008065833     
   1.34991494453249     
   1.39429471248559     
   1.17919228739614     
  0.967927283438655     
  0.526875469292424     
  0.915992978914627     
   1.08909679941180     
   1.20583756520593     
   1.25429229807267     
   1.69441583557308     
   1.71335151663598     
   1.94806520834253     
   2.84913239806416     
   5.04421434490793     
   6.32202549448967     
   9.51386526559351     
   11.4363355131735     
   11.6377684137584     
   10.0920895892744     
   8.66496874561815     
   6.96815014024344     
   6.10528675609159     
   5.81402216108631     
   5.88028152437736     
   5.71487605964447     
   5.86292121998077     
   6.50662502727356     
   6.76526984114975     
   5.85910080821985     
   5.32456840865373     
   5.75115736866378     
   4.97389083070731     
   5.41264909967123     
   4.07895815789169     
   4.42906362317382     
   4.50461399642061     
   4.11330292227837     
   3.94918097993006     
  -7.37313165716384     
  -7.75926763770662     
  -7.35785183557836     
   2.95037422969742     
   2.57017650258322     
   2.10035228238765     
 -0.806761084291981     
   2.37739527371048     
   2.09274509048973     
  -1.98512128780267     
   2.32108676884190     
 -0.455113891839865     
 -0.508875197147177     
   1.81270650259819     
   1.58965564558632     
   1.43593919887689     
   1.97823051468948     
   1.51072456815880     
  -6.70268183752661     
   1.82693628784141     
  -5.09764946425155     
   3.99045565823914     
   3.47978767398000     
   2.92013511476600     
  0.858985082146344     
   3.14145028022055     
   3.71275277156552     
   3.83566928931331     
   4.33258575099070     
   3.96600473004439     
   6.01452065594556     
   6.31590280454273     
   5.93351079459390     
   6.04773749348480     
   5.88810093302090     
   5.08521322519191     
   4.51749596751271     
   4.77961024400745     
   6.17322312614235     
   8.75510037599940     
   9.73781847794926     
   9.90850843639496     
   9.03083013709777     
   8.44693604796477     
   7.21076375518326     
   7.12667071052550     
   6.74944919099983     
   6.20478262616722     
   6.54381418693303     
   7.02302993005006     
   8.09685772466539     
   9.46179758260771     
   9.80031328705631     
   9.83321815133075     
   11.2821563508931     
   12.6362824190915     
   13.3110392726665     
   13.1280379795975     
   12.0166318990239     
   10.0992533812320     
   8.15867187583348     
   8.38005523301881     
   8.02263142108154     
   9.38287394125960     
   10.5874266382087     
