  0.468311790104664     
  0.263426685244601     
   1.29244914121047     
   1.98391429673524     
   2.54884901043261     
   2.76860838972930     
   4.36658813999907     
   4.36946064492981     
   4.96557659171076     
   7.46325401258888     
   12.1279433300430     
   15.9760074522494     
   22.6285525311950     
   26.0950439915761     
   24.1521813499878     
   17.9649058041391     
   13.2751497047296     
   8.89384919873466     
   7.02791590419594     
   7.10180020763346     
   8.30108450659911     
   8.36359370811102     
   8.88356517930550     
   10.8107581799304     
   11.1007741649230     
   9.01108278980722     
   7.46455990782555     
   8.50983405326731     
   7.26274020523198     
   8.46708619457263     
   5.55635450076259     
   7.25952300834166     
   7.63971575954767     
   7.45200729746462     
   7.07077161262970     
   7.07953085017199     
   5.67946241806852     
   6.74849441725750     
   4.34484719445027     
   3.57575242659311     
   2.80190233425614     
   2.37669679022374     
   5.10907620537379     
   5.33061327307950     
   6.47734234695383     
   5.65369601433338     
   4.68679481505096     
   4.33050421939229     
   4.15369978741180     
   3.58469257325338     
   3.18259098736829     
   4.94074146291376     
   3.58635435525033     
   4.42840019222444     
   4.41609713572657     
   8.76084247679416     
   11.2303535261229     
   8.85363651407255     
   6.60501100132965     
   7.03374139936354     
   6.45020855253555     
   7.87353988904850     
   8.41481315768168     
   10.1480768334149     
   8.84334414517898     
   14.7315311397494     
   14.5844988531949     
   12.5489875052681     
   12.3618236119851     
   11.4817860073279     
   9.01138992849981     
   7.45577289776252     
   8.13121652307010     
   11.7038371292878     
   16.7771419530118     
   18.5428176906263     
   17.9580701963920     
   15.1599027272605     
   13.3489108285392     
   10.1447530265541     
   10.0360748253008     
   9.76229422110708     
   8.87601910830734     
   10.1156275003724     
   11.9183012836020     
   14.2222168639021     
   17.0256540097894     
   17.1884175313572     
   16.7470701818678     
   20.4905529573847     
   23.4816288236128     
   24.0159092254929     
   22.4758886843431     
   19.0070181899764     
   13.9729674773307     
   9.93445060907466     
   11.3533139049925     
   10.4301522094480     
   13.7743187457448     
   16.8082022754542     
