 +-+-+-+-+-+-+-+--++-
          46           3           1           0
 +-+-+-+-+-+-+-+--++-
           8           3          11          81
 +-+-+-+-+-+-+-+--++-
           5           6           7          65
 +-+-+-+-+-+-+-+--++-
           2           3           1           1
 +-+-+-+-+-+-+-+--++-
           0           6           8          21
 +-+-+-+-+-+-+-+--++-
           2           1           2          23
 +-+-+-+-+-+-+-+--++-
          23           3           5           9
 +-+-+-+-+-+-+-+--++-
           3           1           6          20
 +-+-+-+-+-+-+-+--++-
          21           1           3           9
 +-+-+-+-+-+-+-+--++-
          18           2           5          13
 +-+-+-+-+-+-+-+--++-
           6           0          15           4
 +-+-+-+-+-+-+-+--++-
           4           4           8          17
 +-+-+-+-+-+-+-+--++-
           4           4           3          18
 +-+-+-+-+-+-+-+--++-
           6           4           7          17
 +-+-+-+-+-+-+-+--++-
           5           7           3          16
 +-+-+-+-+-+-+-+--++-
           4           1           9          14
 +-+-+-+-+-+-+-+--++-
           5           4          14           3
 +-+-+-+-+-+-+-+--++-
           2           2          13           6
 +-+-+-+-+-+-+-+--++-
           1           6          10           1
 +-+-+-+-+-+-+-+--++-
          15           7           4          10
 +-+-+-+-+-+-+-+--++-
           4           1           4          16
 +-+-+-+-+-+-+-+--++-
           3           8           5          13
 +-+-+-+-+-+-+-+--++-
           9           4           0          14
 +-+-+-+-+-+-+-+--++-
          12           4           3          14
 +-+-+-+-+-+-+-+--++-
           7          13           2           5
 +-+-+-+-+-+-+-+--++-
           4           7           9          11
   5.67480598130887       0.101665431695977       7.916901720573267E-004
  6.451025800736700E-002  0.101665431695977        2.76148549946504     
  2.349309644620400E-002  5.902732104778009E-002  7.916901720573267E-004
  2.349309644620400E-002   3.07448095617222       0.126373744682486     
  6.451025800736700E-002  5.902732104778009E-002  0.126373744682486     
   4.06166044335170     
