  0.000000000000000E+000
  0.000000000000000E+000
  0.000000000000000E+000
  0.000000000000000E+000
  0.000000000000000E+000
  0.000000000000000E+000
  0.000000000000000E+000
  0.000000000000000E+000
  0.000000000000000E+000
  0.000000000000000E+000
  0.000000000000000E+000
  0.000000000000000E+000
  0.000000000000000E+000
  0.000000000000000E+000
  0.000000000000000E+000
  0.000000000000000E+000
  0.000000000000000E+000
  0.000000000000000E+000
  0.000000000000000E+000
  0.000000000000000E+000
  0.000000000000000E+000
  0.000000000000000E+000
  0.000000000000000E+000
  0.000000000000000E+000
  0.000000000000000E+000
  0.000000000000000E+000
  0.000000000000000E+000
  0.000000000000000E+000
  0.000000000000000E+000
  0.000000000000000E+000
  0.000000000000000E+000
  0.000000000000000E+000
  0.000000000000000E+000
  0.000000000000000E+000
  0.000000000000000E+000
  0.000000000000000E+000
  0.000000000000000E+000
  0.000000000000000E+000
  0.000000000000000E+000
  0.000000000000000E+000
  0.000000000000000E+000
  0.000000000000000E+000
  0.000000000000000E+000
  0.000000000000000E+000
  0.000000000000000E+000
  0.000000000000000E+000
  0.000000000000000E+000
  0.000000000000000E+000
  0.000000000000000E+000
  0.000000000000000E+000
  0.000000000000000E+000
  0.000000000000000E+000
  0.000000000000000E+000
  0.000000000000000E+000
  0.000000000000000E+000
  0.000000000000000E+000
  0.000000000000000E+000
  0.000000000000000E+000
  0.000000000000000E+000
  0.000000000000000E+000
  0.000000000000000E+000
  0.000000000000000E+000
  0.000000000000000E+000
  0.000000000000000E+000
  0.000000000000000E+000
  0.000000000000000E+000
  0.000000000000000E+000
  0.000000000000000E+000
  0.000000000000000E+000
  0.000000000000000E+000
  0.000000000000000E+000
  0.000000000000000E+000
  0.000000000000000E+000
  0.000000000000000E+000
  0.000000000000000E+000
  0.000000000000000E+000
  0.000000000000000E+000
  0.000000000000000E+000
  0.000000000000000E+000
  0.000000000000000E+000
  0.000000000000000E+000
  0.000000000000000E+000
  0.000000000000000E+000
  0.000000000000000E+000
  0.000000000000000E+000
  0.000000000000000E+000
  0.000000000000000E+000
  0.000000000000000E+000
  0.000000000000000E+000
  0.000000000000000E+000
  0.000000000000000E+000
  0.000000000000000E+000
  0.000000000000000E+000
  0.000000000000000E+000
  0.000000000000000E+000
  0.000000000000000E+000
  0.000000000000000E+000
  0.000000000000000E+000
   4.13920121809321     
   4.13063613380105     
   4.10193556694500     
   4.56086665793502     
  0.000000000000000E+000
  0.000000000000000E+000
  0.000000000000000E+000
  0.000000000000000E+000
  0.000000000000000E+000
  0.000000000000000E+000
  0.000000000000000E+000
  0.000000000000000E+000
  0.000000000000000E+000
   4.87023783562856     
   6.31653445816267     
   6.83351679502094     
   6.56006259365134     
   6.37404591077340     
   6.35114521354675     
   7.42765147948609     
   6.98257690402167     
   8.58123199110971     
   7.63080210427849     
   7.57563187430488     
   7.52239463085600     
   7.00915192449649     
   7.24773500249751     
   7.00956868180247     
   5.74848968687171     
   4.10778627520288     
   4.07211737935774     
   5.18780299451845     
   4.70730340798759     
   4.59254867617584     
   3.96522101737893     
   3.67326558610753     
   3.62624696596045     
   4.27378789248682     
   5.46176407551804     
   4.86601854275213     
   4.21045882387074     
   4.35167670931222     
   5.08532838356106     
   5.82043266898601     
   5.67144045418688     
   6.30646621680744     
   5.35043928444085     
   5.65852460663030     
   5.30279502782921     
   6.49811006698702     
   5.90326983334239     
   5.18266938009306     
   4.40341809032563     
   4.24709974866587     
   3.79780842545400     
   4.38472190102657     
   5.20513950560015     
   5.36684166773447     
   4.68924398020031     
   3.94387366836494     
   3.72653596501385     
   3.75217906065742     
   3.99932993528409     
   4.67730352486775     
   4.39531908398942     
   3.68953630078089     
   3.70120435039292     
   3.98389339425861     
   3.35983860119185     
   2.73480269459557     
   2.66968129245427     
   2.41601923407095     
   2.46692773903065     
   2.28330582649254     
   1.89140404988590     
   1.44037369285259     
   1.27534208698179     
   1.00367358383516     
  0.811828464158079     
   1.05131792299069     
   1.17644904916965     
   1.04872932535262     
  0.790480602785372     
   1.36094556715621     
   1.64663846661102     
   1.81711101489886     
   1.67776364307407     
   1.80279312602398     
   1.45453339790818     
   1.42163671089394     
   1.59939407286061     
   2.05926663648184     
   1.93875160999561     
   2.12174657274332     
   1.58639359061281     
  0.966423336417527     
  0.751472662432594     
  0.844553589328680     
  0.912318864774601     
  0.472957949390921     
  0.332954333261327     
  0.313748779573974     
  0.000000000000000E+000
  0.000000000000000E+000
  0.000000000000000E+000
  0.000000000000000E+000
  0.000000000000000E+000
  0.000000000000000E+000
  0.000000000000000E+000
  0.000000000000000E+000
  0.000000000000000E+000
  0.000000000000000E+000
  0.000000000000000E+000
  0.000000000000000E+000
  0.000000000000000E+000
  0.000000000000000E+000
  0.000000000000000E+000
  0.000000000000000E+000
  0.000000000000000E+000
  0.000000000000000E+000
  0.000000000000000E+000
  0.000000000000000E+000
  0.433090825861498     
  0.658555047761404     
  0.653065327707544     
  0.458126901721624     
  0.485085660959260     
  0.626194049762418     
  0.569021569582510     
  0.224537069008015     
  0.000000000000000E+000
  0.121220673708610     
  0.349527194588273     
  0.463887847079672     
  0.594696940385113     
  0.478988944635521     
  0.502444883191231     
  0.495675433669653     
  0.356890125525521     
  0.376122976055427     
  0.343537818871319     
  0.229039372686291     
  0.252111088308656     
  0.260870827275564     
  0.267622615315027     
  0.903726412811494     
  0.760084821390681     
  0.597633331197571     
  0.673918231490681     
  0.450043960701738     
  0.428396544040393     
  0.413761399221730     
  0.448113251891630     
  0.743308749602466     
  0.806054007215216     
   1.09168428306082     
   1.04542813232814     
   1.45460680426913     
   1.41271633911327     
   1.35884752559492     
   1.40529890947123     
   1.17919228739614     
  0.967927283438655     
  0.526875469292424     
  0.922832748603447     
   1.09592696020836     
   1.21198147687244     
   1.26346706747402     
   1.69441583557308     
   1.71335151663598     
   1.94806520834253     
   2.84913239806416     
   5.04643056709242     
   6.32202549448967     
   9.51386526559351     
   11.4363355131735     
   11.6377684137584     
   10.0920895892744     
   8.66496874561815     
   6.96815014024344     
   6.10528675609159     
   5.81402216108631     
   5.88028152437736     
   5.71487605964447     
   5.86292121998077     
   6.50662502727356     
   6.76526984114975     
   5.85910080821985     
   5.32456840865373     
   5.75115736866378     
   4.97389083070731     
   5.41264909967123     
   4.07895815789169     
   4.42906362317382     
   4.50461399642061     
   4.11330292227837     
   3.94918097993006     
   3.84993446254033     
   3.48927400368020     
   3.86965222661867     
   2.96819755738728     
   2.58412683399493     
   2.09171758018640     
   1.65862292219940     
   2.38314804319459     
   2.14661045740666     
   2.53554459342597     
   2.36471246993419     
   1.97358185871630     
   1.94827975735145     
   1.86900631953998     
   1.63132684747186     
   1.46708781085443     
   2.01358588017068     
   1.54032010210205     
   1.78836208144727     
   1.83687430789114     
   3.22816668503875     
   4.03067515140730     
   3.51821337544549     
   2.93695796158903     
   3.24248583407771     
   3.15006258407325     
   3.68188500809495     
   3.84177127478845     
   4.33258575099070     
   3.96600473004439     
   6.01452065594556     
   6.31694449050416     
   5.93756002807877     
   6.05640430491886     
   5.90001237244666     
   5.09687704138151     
   4.52778085137886     
   4.79170608004833     
   6.17322312614235     
   8.75510037599940     
   9.73781847794926     
   9.90850843639496     
   9.03170550637624     
   8.44781822956641     
   7.21076375518326     
   7.12667071052550     
   6.74944919099983     
   6.20478262616722     
   6.54381418693303     
   7.02302993005006     
   8.09685772466539     
   9.46179758260771     
   9.80031328705631     
   9.83321815133075     
   11.2821563508931     
   12.6362824190915     
   13.3110392726665     
   13.1280379795975     
   12.0172369083419     
   10.0992533812320     
   8.15867187583348     
   8.38005523301881     
   8.02263142108154     
   9.38287394125960     
   10.5874266382087     
