 +-+-+-+-+-+-+-+--++-
          46           3           1           0
 +-+-+-+-+-+-+-+--++-
           8           3          11          81
 +-+-+-+-+-+-+-+--++-
           5           6           7          65
 +-+-+-+-+-+-+-+--++-
           2           3           1           1
 +-+-+-+-+-+-+-+--++-
           4           5           2          10
 +-+-+-+-+-+-+-+--++-
           2           4           2           8
 +-+-+-+-+-+-+-+--++-
           4           7           0           4
 +-+-+-+-+-+-+-+--++-
           2           6           0           7
 +-+-+-+-+-+-+-+--++-
           4           3           1           4
 +-+-+-+-+-+-+-+--++-
           5           3           2           5
 +-+-+-+-+-+-+-+--++-
           2           3           2           3
 +-+-+-+-+-+-+-+--++-
           6           4           6           0
 +-+-+-+-+-+-+-+--++-
           9           9           4           3
 +-+-+-+-+-+-+-+--++-
           2           3           0           8
 +-+-+-+-+-+-+-+--++-
           6           4           8           3
 +-+-+-+-+-+-+-+--++-
           6           8           5           3
 +-+-+-+-+-+-+-+--++-
          10           5           4           2
 +-+-+-+-+-+-+-+--++-
           5           4           3           2
 +-+-+-+-+-+-+-+--++-
           9           3           4           2
 +-+-+-+-+-+-+-+--++-
          11           3           5           3
 +-+-+-+-+-+-+-+--++-
           8           3           6           3
 +-+-+-+-+-+-+-+--++-
           5           4          14           3
 +-+-+-+-+-+-+-+--++-
           6           2           3           2
 +-+-+-+-+-+-+-+--++-
          13           6           3           2
 +-+-+-+-+-+-+-+--++-
           8           2           3           0
 +-+-+-+-+-+-+-+--++-
           9           5           3           3
 ***************************
 midian_IC is   5.000000       2.000000       3.000000       4.000000    
 ICpr_cell is  0.1324786      8.9743592E-02  6.8376072E-02  9.8290600E-02
  8.1196584E-02  2.9914530E-02  5.5555556E-02  8.5470090E-03  3.8461540E-02
  4.2735044E-02  1.7094018E-02  8.1196584E-02  5.9829060E-02  2.9914530E-02
  6.4102568E-02  0.1025641    
