  0.5840001    
  0.8547601    
  0.7818464    
   1.318222    
   2.127934    
   5.786736    
   5.035445    
   13.60019    
   10.06656    
   8.162549    
   5.391023    
   14.08527    
   10.30919    
   8.263570    
   17.63429    
   11.65721    
   8.727446    
   5.932027    
   5.117271    
   4.961673    
   5.154766    
   5.282001    
   5.157229    
   8.277715    
   5.569142    
   3.898058    
   8.009486    
   5.984036    
   4.569871    
   4.331524    
   4.712358    
   5.382792    
   6.153229    
   6.919397    
   7.628215    
   8.256635    
   5.530064    
   4.365895    
   4.085496    
   7.514969    
   6.327384    
   6.078506    
   6.328164    
   5.027189    
   5.455986    
   3.949928    
   8.932575    
   7.432183    
   6.943601    
   7.008245    
   4.911147    
   4.113829    
   3.968933    
   3.671362    
   3.884667    
   4.344184    
   4.896675    
   3.180830    
   2.733819    
   2.249170    
   6.262808    
   4.977458    
   4.010509    
   3.697053    
   3.572389    
   4.066086    
   4.840837    
   3.898318    
   3.765069    
   4.124956    
   3.962865    
   4.224548    
   4.151130    
   3.661842    
   3.621996    
   5.024668    
   4.290520    
   4.420456    
   2.892939    
   6.313627    
   4.602458    
   4.024963    
   3.536706    
   3.464301    
   3.807800    
   4.339510    
   4.929300    
   5.506364    
   6.035362    
   6.501664    
   6.902290    
   7.240446    
   7.522270    
   7.754960    
   5.220419    
   3.406733    
   4.099951    
   4.789682    
   5.427968    
   5.993956    
