 +-+-+-+-+-+-+-+--++-
          46           3           1           0
 +-+-+-+-+-+-+-+--++-
           8           3          11          81
 +-+-+-+-+-+-+-+--++-
           5           6           7          65
 +-+-+-+-+-+-+-+--++-
           2           3           1           1
 +-+-+-+-+-+-+-+--++-
          23           3           5           9
 +-+-+-+-+-+-+-+--++-
          18           2           5          13
 +-+-+-+-+-+-+-+--++-
          15           7           4          10
 +-+-+-+-+-+-+-+--++-
           0           6           8          21
 +-+-+-+-+-+-+-+--++-
           6           4           7          17
 +-+-+-+-+-+-+-+--++-
          21           1           3           9
 +-+-+-+-+-+-+-+--++-
           4           4           8          17
 +-+-+-+-+-+-+-+--++-
          12           4           3          14
 +-+-+-+-+-+-+-+--++-
           1           0           0           0
 +-+-+-+-+-+-+-+--++-
           5           7           3          16
 +-+-+-+-+-+-+-+--++-
           4           7           9          11
 +-+-+-+-+-+-+-+--++-
          13           4           5           9
 +-+-+-+-+-+-+-+--++-
           6           7          10           7
 +-+-+-+-+-+-+-+--++-
          12           5           6           7
 +-+-+-+-+-+-+-+--++-
           8           7           2          13
 +-+-+-+-+-+-+-+--++-
           3           1           6          20
 +-+-+-+-+-+-+-+--++-
          12           6           6           6
 +-+-+-+-+-+-+-+--++-
          16           7           3           4
 +-+-+-+-+-+-+-+--++-
           0           0           0           3
 +-+-+-+-+-+-+-+--++-
           1           0           1           1
 +-+-+-+-+-+-+-+--++-
           8          10           5           6
 +-+-+-+-+-+-+-+--++-
           3           8           5          13
 ***************************
 CL_IC is   16.11538    
