   16.69573    
   15.35658    
   18.48526    
   20.18821    
   21.15057    
   21.32046    
   23.85637    
   23.88509    
   24.50807    
   26.60646    
   29.88517    
   34.50813    
   36.40651    
   37.72520    
   36.78016    
   33.02413    
   30.81931    
   27.65545    
   26.72436    
   27.97948    
   28.78359    
   27.62687    
   27.30150    
   26.44120    
   25.95296    
   25.16236    
   23.92989    
   25.14391    
   25.11513    
   25.29210    
   23.03368    
   25.02695    
   25.02156    
   24.21725    
   23.97380    
   23.57904    
   23.26323    
   24.41058    
   22.92847    
   21.94277    
   20.75422    
   20.60337    
   23.68270    
   23.94616    
   24.15693    
   24.32554    
   24.26043    
   23.60835    
   23.28668    
   22.02934    
   22.22347    
   24.57878    
   23.86302    
   24.49042    
   24.19234    
   28.15387    
   30.72309    
   28.77848    
   26.22278    
   26.17823    
   25.34258    
   27.47406    
   27.77925    
   29.22340    
   27.37872    
   30.90298    
   30.92238    
   29.93790    
   30.95032    
   29.56026    
   27.84821    
   27.07857    
   27.46285    
   30.37028    
   35.29623    
   35.43698    
   34.14959    
   32.31967    
   30.65574    
   28.72459    
   29.17967    
   29.34374    
   28.67499    
   30.33999    
   32.07199    
   33.25760    
   34.60608    
   34.48486    
   34.18789    
   36.15031    
   38.12025    
   38.69620    
   38.75696    
   37.00557    
   33.40445    
   30.12356    
   30.89885    
   30.91908    
   33.33526    
   34.66821    
