 +-+-+-+-+-+-+-+--++-
          46           3           1           0
 +-+-+-+-+-+-+-+--++-
           8           3          11          81
 +-+-+-+-+-+-+-+--++-
           5           6           7          65
 +-+-+-+-+-+-+-+--++-
           2           3           1           1
 +-+-+-+-+-+-+-+--++-
           2           1           2          23
 +-+-+-+-+-+-+-+--++-
           7          13           2           5
 +-+-+-+-+-+-+-+--++-
           6           0          15           4
 +-+-+-+-+-+-+-+--++-
          23           3           5           9
 +-+-+-+-+-+-+-+--++-
          21           1           3           9
 +-+-+-+-+-+-+-+--++-
           0           6           8          21
 +-+-+-+-+-+-+-+--++-
           5           4          14           3
 +-+-+-+-+-+-+-+--++-
           3           1           6          20
 +-+-+-+-+-+-+-+--++-
          18           2           5          13
 +-+-+-+-+-+-+-+--++-
           2           2          13           6
 +-+-+-+-+-+-+-+--++-
           2           0          11           6
 +-+-+-+-+-+-+-+--++-
           1           6          10           1
 +-+-+-+-+-+-+-+--++-
           4           4           3          18
 +-+-+-+-+-+-+-+--++-
           4           1           9          14
 +-+-+-+-+-+-+-+--++-
           4           4           8          17
 +-+-+-+-+-+-+-+--++-
           4           1           4          16
 +-+-+-+-+-+-+-+--++-
           6           4           7          17
 +-+-+-+-+-+-+-+--++-
           5           7           3          16
 +-+-+-+-+-+-+-+--++-
           3           8           5          13
 +-+-+-+-+-+-+-+--++-
           8          10           5           6
 +-+-+-+-+-+-+-+--++-
           5           1           3          15
 +-+-+-+-+-+-+-+--++-
           4           1           0          13
 ***************************
 miu_IC is   5.829060       2.863248       3.188034       4.226496    
 Cov_IC is   12.05625       1.448599     -0.9076169       2.081763    
   1.448599       3.895826      0.5708784       1.576142     -0.9076169    
  0.5708784       5.323614       1.167508       2.081763       1.576142    
   1.167508       11.35469    
