  0.2653158    
  0.2865692    
   2.817630    
   2.654864    
   2.429487    
   2.989858    
   3.513287    
   3.645230    
   4.016812    
   9.119429    
   118.5406    
   383.3685    
   311.2324    
   212.8738    
   167.1633    
   146.3575    
   133.3851    
   110.7625    
   83.28540    
   63.87942    
   43.42841    
   29.81782    
   24.70486    
   25.05920    
   21.21349    
   18.00531    
   13.07185    
   12.78215    
   11.31560    
   12.18352    
   10.49240    
   9.265264    
   8.460077    
   7.486535    
   6.960311    
   6.849753    
   6.128342    
   6.986578    
   4.945369    
   4.205144    
   3.536976    
   2.891173    
   5.773977    
   7.824727    
   6.276205    
   4.819121    
   4.467871    
   4.050753    
   3.032382    
   2.304476    
   2.009237    
   3.115010    
   2.995456    
   3.089275    
   2.910022    
   6.263468    
   9.809508    
   7.086470    
   5.611406    
   5.866886    
   5.318718    
   5.345849    
   5.304538    
   6.594625    
   5.282450    
   12.64454    
   9.859081    
   8.150731    
   7.983955    
   6.825930    
   5.399266    
   4.372743    
   4.770914    
   23.13459    
   43.60758    
   29.85242    
   19.64955    
   20.03452    
   13.69081    
   9.310004    
   7.563364    
   8.040164    
   7.287300    
   6.691756    
   7.234724    
   10.01539    
   12.89412    
   11.31561    
   9.842643    
   12.13740    
   13.23231    
   14.52643    
   13.00010    
   10.81508    
   9.092893    
   7.735537    
   7.309000    
   8.061861    
   9.742706    
   11.21752    
