 +-+-+-+-+-+-+-+--++-
          46           3           1           0
 +-+-+-+-+-+-+-+--++-
           8           3          11          81
 +-+-+-+-+-+-+-+--++-
           5           6           7          65
 +-+-+-+-+-+-+-+--++-
           2           3           1           1
 +-+-+-+-+-+-+-+--++-
          23           3           5           9
 +-+-+-+-+-+-+-+--++-
          21           1           3           9
 +-+-+-+-+-+-+-+--++-
          18           2           5          13
 +-+-+-+-+-+-+-+--++-
          16           3           2           1
 +-+-+-+-+-+-+-+--++-
          16           7           3           4
 +-+-+-+-+-+-+-+--++-
          15           2           1           7
 +-+-+-+-+-+-+-+--++-
          15           7           4          10
 +-+-+-+-+-+-+-+--++-
          14           2           2           1
 +-+-+-+-+-+-+-+--++-
          13           1           1           0
 +-+-+-+-+-+-+-+--++-
          13           1           2           5
 +-+-+-+-+-+-+-+--++-
          13           4           5           9
 +-+-+-+-+-+-+-+--++-
          13           6           3           2
 +-+-+-+-+-+-+-+--++-
          12           1           2           9
 +-+-+-+-+-+-+-+--++-
          12           2           2           4
 +-+-+-+-+-+-+-+--++-
          12           3           3           3
 +-+-+-+-+-+-+-+--++-
          12           5           6           7
 +-+-+-+-+-+-+-+--++-
          12           6           6           6
 +-+-+-+-+-+-+-+--++-
          12           2           0           5
 +-+-+-+-+-+-+-+--++-
          12           5           4           7
 +-+-+-+-+-+-+-+--++-
          12           4           3          14
 +-+-+-+-+-+-+-+--++-
          12           5           0           2
 +-+-+-+-+-+-+-+--++-
          11           1           3           6
 ***************************
 miu_IC is   5.094017       2.893162       3.512820       4.790598    
 Cov_IC is   7.777490       1.057279      -1.048402      0.4017388    
   1.057279       4.633885      0.4112389       1.621279      -1.048402    
  0.4112389       7.463495       1.927553      0.4017388       1.621279    
   1.927553       18.76384    
