  9.6911564E-02
  0.1023273    
  0.6251091    
   1.015904    
   1.258942    
   1.886666    
   2.133660    
   2.665030    
   3.247947    
   5.728112    
   15.92095    
   35.32732    
   44.48222    
   45.48174    
   38.68849    
   27.87779    
   19.43295    
   13.12206    
   9.747996    
   7.888748    
   7.376003    
   6.892414    
   8.055676    
   10.00158    
   10.90592    
   8.053563    
   7.015748    
   8.150746    
   6.792023    
   8.053252    
   4.983678    
   5.859073    
   6.313480    
   5.728437    
   5.568014    
   5.676796    
   4.853450    
   5.311373    
   3.110759    
   2.920986    
   2.196832    
   1.745821    
   4.135795    
   5.041179    
   5.813803    
   5.086147    
   4.803171    
   4.079184    
   3.369287    
   3.011002    
   2.752050    
   4.486340    
   3.404605    
   4.327646    
   3.981058    
   5.860476    
   7.694622    
   6.559266    
   5.121853    
   5.791771    
   6.341747    
   6.917660    
   6.495707    
   7.081843    
   6.186219    
   9.204724    
   10.40028    
   9.395907    
   9.507542    
   8.984500    
   7.443381    
   5.936525    
   6.133666    
   9.479920    
   17.47510    
   20.55854    
   20.13999    
   16.26180    
   15.21071    
   12.53471    
   11.60990    
   10.15513    
   8.073069    
   7.839047    
   8.278798    
   8.715715    
   10.17457    
   10.20822    
   8.916799    
   10.21909    
   12.74763    
   15.32799    
   14.29765    
   12.63673    
   10.23541    
   8.087436    
   9.936707    
   9.144696    
   10.23801    
   14.26102    
